8801832529775
8801832529776
8801832529777
8801832529778
8801832529779
8801832529780
8801832529781
8801832529782
8801832529783
8801832529784
8801832529785
8801832529786
8801832529787
8801832529788
8801832529789
8801832529790
8801832529791
8801832529792
8801832529793
8801832529794
8801832529795
8801832529796
8801832529797
8801832529798
8801832529799
8801832529800
8801832529801
8801832529802
8801832529803
8801832529804
8801832529805
8801832529806
8801832529807
8801832529808
8801832529809
8801832529810
8801832529811
8801832529812
8801832529813
8801832529814
8801832529815
8801832529816
8801832529817
8801832529818
8801832529819
8801832529820
8801832529821
